53.4113009,-2.2192691
53.4113009,-2.2192691
53.4733273,-2.2421269
53.4746667,-2.2434023
53.4228828,-2.2653086
53.4431069,-2.2465148
53.5000864,-2.2383961
53.4434198,-2.259191
53.5323545,-2.2103718
53.4732312,-2.1791299
53.5024544,-2.2206867
53.4426123,-2.2206867
53.4814509,-2.2357285
53.4310645,-2.2117551
53.4626169,-2.2260232
53.4402436,-2.2460408
53.4288085,-2.2548752
53.4288033,-2.287706
53.4373521,-2.2583234
53.4373521,-2.2583234
53.4430965,-2.2925382
53.469044,-2.2193737
53.5221974,-2.2555784
53.4502379,-2.1916927
53.4502379,-2.1938814
53.5303136,-2.4739073
53.4976765,-2.2099138
53.5190965,-2.1699197
53.5154774,-2.1700413
53.5270436,-2.2160869
53.5031518,-2.2207279
53.4935739,-2.242792
53.455167, -2.252465
53.4132936,-2.2869759
53.4099401,-2.4158963
53.4116996,-2.2588874
53.430975, -2.195937
53.430262, -2.196116
53.5099928,-2.2149013
53.518613, -2.179797
53.515004, -2.180098
53.439541,-2.2463452
53.4816059,-2.1973781
53.4655059,-2.1985629
