1 -> 53.5760732 -2.4191248
2 -> 53.5695242 -2.4398581
3 -> 53.5744299 -2.4267714
4 -> 53.5802733 -2.5047001
5 -> 53.5401208 -2.4717374
6 -> 53.5401208 -2.4717374
7 -> 53.5807077 -2.3957854
8 -> 53.6009741 -2.4319724
9 -> 53.5617472 -2.5280216
10 -> 53.5491878 -2.4827414
11 -> 53.5491878 -2.4827414
12 -> 53.5884644 -2.4302713
13 -> 53.5318425 -2.3574382
14 -> 53.5820769 -2.4246744
15 -> 53.5820769 -2.4246744
16 -> 53.5820769 -2.4246744
17 -> 53.5820769 -2.4246744
18 -> 53.5802733 -2.5047001
19 -> 53.5802733 -2.5047001
20 -> 53.568762 -2.4604935
21 -> 53.5482613 -2.2939186
22 -> 53.5482613 -2.2939186
23 -> 53.5482613 -2.2939186
24 -> 53.5888149 -2.3013572
25 -> 53.5906852 -2.3004823
26 -> 53.5801579 -2.3514784
27 -> 53.5925934 -2.2801837
28 -> 53.5948724 -2.2989759
29 -> 53.5948724 -2.2989759
30 -> 53.5892388 -2.3184596
31 -> 53.5627965 -2.3444248
32 -> 53.4378237 -2.2058871
33 -> 53.4378237 -2.2058871
34 -> 53.4733211 -2.2399673
35 -> 53.4733211 -2.2399673
36 -> 53.4762013 -2.2425867
37 -> 53.4771777 -2.2398109
38 -> 53.461721 -2.245122
39 -> 53.461721 -2.245122
40 -> 53.4932448 -2.2497682
41 -> 53.5024398 -2.2195251
42 -> 53.4436144 -2.2363055
43 -> 53.5339511 -2.232852
44 -> 53.4730514 -2.1730273
45 -> 53.4923024 -2.2259788
46 -> 53.4378237 -2.2058871
47 -> 53.4649985 -2.2269494
48 -> 53.461721 -2.245122
49 -> 53.461721 -2.245122
50 -> 53.461721 -2.245122
51 -> 53.461721 -2.245122
52 -> 53.443961 -2.2922005
53 -> 53.443961 -2.2922005
54 -> 53.465289 -2.1957586
55 -> 53.5389977 -2.2389094
56 -> 53.4598534 -2.204508
57 -> 53.4598534 -2.204508
58 -> 53.4437963 -2.2184592
59 -> 53.5256897 -2.1765518
60 -> 53.4883606 -2.2238934
61 -> 53.5186184 -2.1681202
62 -> 53.5186184 -2.1681202
63 -> 53.4923024 -2.2259788
64 -> 53.4923024 -2.2259788
65 -> 53.4882079 -2.2404531
66 -> 53.4578206 -2.2523751
67 -> 53.4136553 -2.2845632
68 -> 53.4136553 -2.2845632
69 -> 53.4072293 -2.2591368
70 -> 53.4252929 -2.2023084
71 -> 53.4252929 -2.2023084
72 -> 53.5097385 -2.2154799
73 -> 53.5117347 -2.1818924
74 -> 53.5117347 -2.1818924
75 -> 53.461721 -2.245122
76 -> 53.4864715 -2.198471
77 -> 53.4655178 -2.1960002
78 -> 53.551312 -2.1203409
79 -> 53.5211983 -2.1098249
80 -> 53.5503353 -2.1435837
81 -> 53.5437941 -2.1191783
82 -> 53.551312 -2.1203409
83 -> 53.543609 -2.0989662
84 -> 53.5294179 -2.13455
85 -> 53.5132095 -2.1532711
86 -> 53.5132095 -2.1532711
87 -> 53.5081879 -2.1637947
88 -> 53.5565849 -2.1384817
89 -> 53.5503353 -2.1435837
90 -> 53.5934203 -2.0879399
91 -> 53.5565849 -2.1384817
92 -> 53.5565849 -2.1384817
93 -> 53.547811 -2.1539796
94 -> 53.5514835 -2.168919
95 -> 53.5981134 -2.0373313
96 -> 53.5981134 -2.0373313
97 -> 53.5586118 -2.1040438
98 -> 53.547895 -2.1024926
99 -> 53.5630595 -2.1320863
100 -> 53.6200089 -2.1300177
101 -> 53.5685483 -2.1877216
102 -> 53.5516111 -2.1688821
103 -> 53.6021405 -2.176881
104 -> 53.5911136 -2.2684717
105 -> 53.6200089 -2.1300177
106 -> 53.6200089 -2.1300177
107 -> 53.581557 -2.1747721
108 -> 53.4818526 -2.2781126
109 -> 53.4722941 -2.2821686
110 -> 53.4962909 -2.3213772
111 -> 53.4004905 -2.2255891
112 -> 53.4004905 -2.2255891
113 -> 53.3677733 -2.1135799
114 -> 53.3677733 -2.1135799
115 -> 53.4307375 -2.0905482
116 -> 53.3743132 -2.1101085
117 -> 53.3673414 -2.087272
118 -> 53.4087309 -2.1489908
119 -> 53.403095 -2.1534792
120 -> 53.4004905 -2.2255891
121 -> 53.4004905 -2.2255891
122 -> 53.4004905 -2.2255891
123 -> 53.4009858 -2.2252845
124 -> 53.4067433 -2.1740631
125 -> 53.4307375 -2.0905482
126 -> 53.4213254 -2.121474
127 -> 53.4649795 -2.1166564
128 -> 53.4521655 -2.0761907
129 -> 53.4779627 -2.09220878989
130 -> 53.5091571 -2.1069662
131 -> 53.4727486 -2.1478969
132 -> 53.4727486 -2.1478969
133 -> 53.4779627 -2.09220878989
134 -> 53.4887812 -2.0985884
135 -> 53.446114 -2.3037118
136 -> 53.4425652 -2.3126853
137 -> 53.4311747 -2.3190225
138 -> 53.3993611 -2.3522472
139 -> 53.4219361 -2.3293441
140 -> 53.4439649 -2.3095387
141 -> 53.4439649 -2.3095387
142 -> 53.4311747 -2.3190225
143 -> 53.388251 -2.353665
144 -> 53.388251 -2.353665
145 -> 53.4219361 -2.3293441
146 -> 53.4332871 -2.3719164
147 -> 53.4304375 -2.4112689
148 -> 53.4197963 -2.31388890385
149 -> 53.4959088 -2.5286193
150 -> 53.5290914 -2.4783485
151 -> 53.50160825 -2.45725725875
152 -> 53.4836307 -2.5336636
153 -> 53.527522 -2.5609102
154 -> 53.536669 -2.6857527
155 -> 53.5245418 -2.489223
156 -> 53.4866398 -2.6531715
157 -> 53.5800354 -2.685793
158 -> 53.4931089 -2.6301557
159 -> 53.5533611 -2.6148327
